x y sim_mag det_mag det_magerr snr sim_flux sim_psf_flux sim_zpt det_flux det_fluxerr det_zpt image
4465.995 5536.032 18.83 19.116 0.085 12.8153 1413.147 1413.147 26.705 1085.33 84.69 26.705 /lustre/hpc/storage/dark/YSE/data/workspace/2023ixf_fake_tmpl/y/2023ixf.PS1.y.110221_2534646_2381.052_fake000_2381.052.y.18581117_3427481_1547.023.diff.forcedgrid.diffimstats
4538.993 5296.03 20.331 21.28 0.602 1.8031 354.576 354.576 26.705 147.87 82.01 26.705 /lustre/hpc/storage/dark/YSE/data/workspace/2023ixf_fake_tmpl/y/2023ixf.PS1.y.110221_2534646_2381.052_fake000_2381.052.y.18581117_3427481_1547.023.diff.forcedgrid.diffimstats
4538.994 5344.03 21.718 22.935 2.721 0.3991 98.85 98.85 26.705 32.22 80.74 26.705 /lustre/hpc/storage/dark/YSE/data/workspace/2023ixf_fake_tmpl/y/2023ixf.PS1.y.110221_2534646_2381.052_fake000_2381.052.y.18581117_3427481_1547.023.diff.forcedgrid.diffimstats
4586.995 5609.033 23.367 22.604 1.999 0.5434 21.631 21.631 26.705 43.68 80.39 26.705 /lustre/hpc/storage/dark/YSE/data/workspace/2023ixf_fake_tmpl/y/2023ixf.PS1.y.110221_2534646_2381.052_fake000_2381.052.y.18581117_3427481_1547.023.diff.forcedgrid.diffimstats
4779.995 5657.033 20.261 21.922 1.056 1.0281 378.035 378.035 26.705 81.9 79.66 26.705 /lustre/hpc/storage/dark/YSE/data/workspace/2023ixf_fake_tmpl/y/2023ixf.PS1.y.110221_2534646_2381.052_fake000_2381.052.y.18581117_3427481_1547.023.diff.forcedgrid.diffimstats
4828.992 5247.029 23.858 nan -1.373 -0.7908 13.768 13.768 26.705 -63.62 80.45 26.705 /lustre/hpc/storage/dark/YSE/data/workspace/2023ixf_fake_tmpl/y/2023ixf.PS1.y.110221_2534646_2381.052_fake000_2381.052.y.18581117_3427481_1547.023.diff.forcedgrid.diffimstats
4997.998 6042.036 23.965 21.223 0.584 1.8581 12.477 12.477 26.705 155.95 83.93 26.705 /lustre/hpc/storage/dark/YSE/data/workspace/2023ixf_fake_tmpl/y/2023ixf.PS1.y.110221_2534646_2381.052_fake000_2381.052.y.18581117_3427481_1547.023.diff.forcedgrid.diffimstats
5021.995 5657.032 23.373 21.662 0.909 1.1944 21.521 21.521 26.705 104.01 87.08 26.705 /lustre/hpc/storage/dark/YSE/data/workspace/2023ixf_fake_tmpl/y/2023ixf.PS1.y.110221_2534646_2381.052_fake000_2381.052.y.18581117_3427481_1547.023.diff.forcedgrid.diffimstats
5021.998 6114.037 23.683 nan -1.073 -1.0122 16.169 16.169 26.705 -82.01 81.02 26.705 /lustre/hpc/storage/dark/YSE/data/workspace/2023ixf_fake_tmpl/y/2023ixf.PS1.y.110221_2534646_2381.052_fake000_2381.052.y.18581117_3427481_1547.023.diff.forcedgrid.diffimstats
5045.995 5729.033 23.83 22.977 3.034 0.358 14.128 14.128 26.705 30.98 86.54 26.705 /lustre/hpc/storage/dark/YSE/data/workspace/2023ixf_fake_tmpl/y/2023ixf.PS1.y.110221_2534646_2381.052_fake000_2381.052.y.18581117_3427481_1547.023.diff.forcedgrid.diffimstats
5117.996 5849.034 22.705 nan -1.532 -0.7087 39.797 39.797 26.705 -64.83 91.48 26.705 /lustre/hpc/storage/dark/YSE/data/workspace/2023ixf_fake_tmpl/y/2023ixf.PS1.y.110221_2534646_2381.052_fake000_2381.052.y.18581117_3427481_1547.023.diff.forcedgrid.diffimstats
5142.998 6114.036 18.072 18.462 0.052 20.7524 2839.006 2839.006 26.705 1983.1 95.56 26.705 /lustre/hpc/storage/dark/YSE/data/workspace/2023ixf_fake_tmpl/y/2023ixf.PS1.y.110221_2534646_2381.052_fake000_2381.052.y.18581117_3427481_1547.023.diff.forcedgrid.diffimstats
5238.996 5873.034 21.757 22.131 1.412 0.7691 95.342 95.342 26.705 67.55 87.83 26.705 /lustre/hpc/storage/dark/YSE/data/workspace/2023ixf_fake_tmpl/y/2023ixf.PS1.y.110221_2534646_2381.052_fake000_2381.052.y.18581117_3427481_1547.023.diff.forcedgrid.diffimstats
5335.991 5247.028 20.75 21.421 0.718 1.5119 240.901 240.901 26.705 129.9 85.92 26.705 /lustre/hpc/storage/dark/YSE/data/workspace/2023ixf_fake_tmpl/y/2023ixf.PS1.y.110221_2534646_2381.052_fake000_2381.052.y.18581117_3427481_1547.023.diff.forcedgrid.diffimstats
5504.998 6234.037 22.405 21.209 0.623 1.7432 52.479 52.479 26.705 157.92 90.59 26.705 /lustre/hpc/storage/dark/YSE/data/workspace/2023ixf_fake_tmpl/y/2023ixf.PS1.y.110221_2534646_2381.052_fake000_2381.052.y.18581117_3427481_1547.023.diff.forcedgrid.diffimstats
5649.992 5464.029 19.858 20.27 0.255 4.2535 548.274 548.274 26.705 374.82 88.12 26.705 /lustre/hpc/storage/dark/YSE/data/workspace/2023ixf_fake_tmpl/y/2023ixf.PS1.y.110221_2534646_2381.052_fake000_2381.052.y.18581117_3427481_1547.023.diff.forcedgrid.diffimstats
5721.995 5777.032 20.044 20.698 0.367 2.963 461.74 461.74 26.705 252.92 85.36 26.705 /lustre/hpc/storage/dark/YSE/data/workspace/2023ixf_fake_tmpl/y/2023ixf.PS1.y.110221_2534646_2381.052_fake000_2381.052.y.18581117_3427481_1547.023.diff.forcedgrid.diffimstats
6035.997 6162.035 20.382 20.665 0.382 2.8395 338.317 338.317 26.705 260.55 91.76 26.705 /lustre/hpc/storage/dark/YSE/data/workspace/2023ixf_fake_tmpl/y/2023ixf.PS1.y.110221_2534646_2381.052_fake000_2381.052.y.18581117_3427481_1547.023.diff.forcedgrid.diffimstats
6083.984 4453.019 22.239 20.92 0.485 2.2398 61.127 61.127 26.705 206.04 91.99 26.705 /lustre/hpc/storage/dark/YSE/data/workspace/2023ixf_fake_tmpl/y/2023ixf.PS1.y.110221_2534646_2381.052_fake000_2381.052.y.18581117_3427481_1547.023.diff.forcedgrid.diffimstats
6083.997 6234.036 19.975 20.198 0.238 4.5564 491.88 491.88 26.705 400.64 87.93 26.705 /lustre/hpc/storage/dark/YSE/data/workspace/2023ixf_fake_tmpl/y/2023ixf.PS1.y.110221_2534646_2381.052_fake000_2381.052.y.18581117_3427481_1547.023.diff.forcedgrid.diffimstats
4465.995 5536.032 23.692 21.778 0.984 1.104 16.045 16.045 26.705 93.5 84.69 26.705 /lustre/hpc/storage/dark/YSE/data/workspace/2023ixf_fake_tmpl/y/2023ixf.PS1.y.110221_2534646_2381.052_fake007_2381.052.y.18581117_3427481_1547.023.diff.forcedgrid.diffimstats
4538.993 5296.03 19.745 20.424 0.274 3.9682 608.256 608.256 26.705 325.43 82.01 26.705 /lustre/hpc/storage/dark/YSE/data/workspace/2023ixf_fake_tmpl/y/2023ixf.PS1.y.110221_2534646_2381.052_fake007_2381.052.y.18581117_3427481_1547.023.diff.forcedgrid.diffimstats
4538.994 5344.03 20.84 21.54 0.754 1.4412 221.719 221.719 26.705 116.36 80.74 26.705 /lustre/hpc/storage/dark/YSE/data/workspace/2023ixf_fake_tmpl/y/2023ixf.PS1.y.110221_2534646_2381.052_fake007_2381.052.y.18581117_3427481_1547.023.diff.forcedgrid.diffimstats
4586.995 5609.033 22.425 22.241 1.43 0.7594 51.539 51.539 26.705 61.05 80.39 26.705 /lustre/hpc/storage/dark/YSE/data/workspace/2023ixf_fake_tmpl/y/2023ixf.PS1.y.110221_2534646_2381.052_fake007_2381.052.y.18581117_3427481_1547.023.diff.forcedgrid.diffimstats
4779.995 5657.033 20.516 23.254 3.605 0.3013 298.828 298.828 26.705 24.0 79.66 26.705 /lustre/hpc/storage/dark/YSE/data/workspace/2023ixf_fake_tmpl/y/2023ixf.PS1.y.110221_2534646_2381.052_fake007_2381.052.y.18581117_3427481_1547.023.diff.forcedgrid.diffimstats
4828.992 5247.029 22.591 nan -2.101 -0.517 44.2 44.2 26.705 -41.59 80.45 26.705 /lustre/hpc/storage/dark/YSE/data/workspace/2023ixf_fake_tmpl/y/2023ixf.PS1.y.110221_2534646_2381.052_fake007_2381.052.y.18581117_3427481_1547.023.diff.forcedgrid.diffimstats
4997.998 6042.036 19.525 19.622 0.134 8.1176 744.806 744.806 26.705 681.31 83.93 26.705 /lustre/hpc/storage/dark/YSE/data/workspace/2023ixf_fake_tmpl/y/2023ixf.PS1.y.110221_2534646_2381.052_fake007_2381.052.y.18581117_3427481_1547.023.diff.forcedgrid.diffimstats
5021.995 5657.032 22.714 21.589 0.85 1.2774 39.49 39.49 26.705 111.24 87.08 26.705 /lustre/hpc/storage/dark/YSE/data/workspace/2023ixf_fake_tmpl/y/2023ixf.PS1.y.110221_2534646_2381.052_fake007_2381.052.y.18581117_3427481_1547.023.diff.forcedgrid.diffimstats
5021.998 6114.037 20.654 21.868 1.023 1.0618 263.308 263.308 26.705 86.03 81.02 26.705 /lustre/hpc/storage/dark/YSE/data/workspace/2023ixf_fake_tmpl/y/2023ixf.PS1.y.110221_2534646_2381.052_fake007_2381.052.y.18581117_3427481_1547.023.diff.forcedgrid.diffimstats
5045.995 5729.033 23.982 22.977 3.034 0.358 12.277 12.277 26.705 30.98 86.54 26.705 /lustre/hpc/storage/dark/YSE/data/workspace/2023ixf_fake_tmpl/y/2023ixf.PS1.y.110221_2534646_2381.052_fake007_2381.052.y.18581117_3427481_1547.023.diff.forcedgrid.diffimstats
5117.996 5849.034 18.228 18.694 0.062 17.5051 2458.433 2458.433 26.705 1601.37 91.48 26.705 /lustre/hpc/storage/dark/YSE/data/workspace/2023ixf_fake_tmpl/y/2023ixf.PS1.y.110221_2534646_2381.052_fake007_2381.052.y.18581117_3427481_1547.023.diff.forcedgrid.diffimstats
5142.998 6114.036 20.185 20.767 0.437 2.4837 405.452 405.452 26.705 237.34 95.56 26.705 /lustre/hpc/storage/dark/YSE/data/workspace/2023ixf_fake_tmpl/y/2023ixf.PS1.y.110221_2534646_2381.052_fake007_2381.052.y.18581117_3427481_1547.023.diff.forcedgrid.diffimstats
5238.996 5873.034 19.179 19.55 0.131 8.2826 1024.043 1024.043 26.705 727.46 87.83 26.705 /lustre/hpc/storage/dark/YSE/data/workspace/2023ixf_fake_tmpl/y/2023ixf.PS1.y.110221_2534646_2381.052_fake007_2381.052.y.18581117_3427481_1547.023.diff.forcedgrid.diffimstats
5335.991 5247.028 19.35 19.79 0.16 6.7903 874.728 874.728 26.705 583.42 85.92 26.705 /lustre/hpc/storage/dark/YSE/data/workspace/2023ixf_fake_tmpl/y/2023ixf.PS1.y.110221_2534646_2381.052_fake007_2381.052.y.18581117_3427481_1547.023.diff.forcedgrid.diffimstats
5504.998 6234.037 20.146 20.12 0.228 4.7528 420.228 420.228 26.705 430.56 90.59 26.705 /lustre/hpc/storage/dark/YSE/data/workspace/2023ixf_fake_tmpl/y/2023ixf.PS1.y.110221_2534646_2381.052_fake007_2381.052.y.18581117_3427481_1547.023.diff.forcedgrid.diffimstats
5649.992 5464.029 22.778 23.326 4.261 0.2549 37.224 37.224 26.705 22.46 88.12 26.705 /lustre/hpc/storage/dark/YSE/data/workspace/2023ixf_fake_tmpl/y/2023ixf.PS1.y.110221_2534646_2381.052_fake007_2381.052.y.18581117_3427481_1547.023.diff.forcedgrid.diffimstats
5721.995 5777.032 19.356 19.855 0.169 6.4386 870.478 870.478 26.705 549.6 85.36 26.705 /lustre/hpc/storage/dark/YSE/data/workspace/2023ixf_fake_tmpl/y/2023ixf.PS1.y.110221_2534646_2381.052_fake007_2381.052.y.18581117_3427481_1547.023.diff.forcedgrid.diffimstats
6035.997 6162.035 20.283 20.558 0.347 3.1342 370.558 370.558 26.705 287.59 91.76 26.705 /lustre/hpc/storage/dark/YSE/data/workspace/2023ixf_fake_tmpl/y/2023ixf.PS1.y.110221_2534646_2381.052_fake007_2381.052.y.18581117_3427481_1547.023.diff.forcedgrid.diffimstats
6083.984 4453.019 18.217 18.472 0.051 21.3459 2483.703 2483.703 26.705 1963.61 91.99 26.705 /lustre/hpc/storage/dark/YSE/data/workspace/2023ixf_fake_tmpl/y/2023ixf.PS1.y.110221_2534646_2381.052_fake007_2381.052.y.18581117_3427481_1547.023.diff.forcedgrid.diffimstats
6083.997 6234.036 23.045 21.994 1.246 0.8715 29.1 29.1 26.705 76.63 87.93 26.705 /lustre/hpc/storage/dark/YSE/data/workspace/2023ixf_fake_tmpl/y/2023ixf.PS1.y.110221_2534646_2381.052_fake007_2381.052.y.18581117_3427481_1547.023.diff.forcedgrid.diffimstats
4465.995 5536.032 18.268 18.581 0.052 20.9704 2370.694 2370.694 26.705 1775.98 84.69 26.705 /lustre/hpc/storage/dark/YSE/data/workspace/2023ixf_fake_tmpl/y/2023ixf.PS1.y.110221_2534646_2381.052_fake009_2381.052.y.18581117_3427481_1547.023.diff.forcedgrid.diffimstats
4538.993 5296.03 21.535 nan -4.383 -0.2478 116.978 116.978 26.705 -20.32 82.01 26.705 /lustre/hpc/storage/dark/YSE/data/workspace/2023ixf_fake_tmpl/y/2023ixf.PS1.y.110221_2534646_2381.052_fake009_2381.052.y.18581117_3427481_1547.023.diff.forcedgrid.diffimstats
4538.994 5344.03 20.907 21.618 0.809 1.3425 208.558 208.558 26.705 108.39 80.74 26.705 /lustre/hpc/storage/dark/YSE/data/workspace/2023ixf_fake_tmpl/y/2023ixf.PS1.y.110221_2534646_2381.052_fake009_2381.052.y.18581117_3427481_1547.023.diff.forcedgrid.diffimstats
4586.995 5609.033 19.538 19.871 0.161 6.7342 735.974 735.974 26.705 541.36 80.39 26.705 /lustre/hpc/storage/dark/YSE/data/workspace/2023ixf_fake_tmpl/y/2023ixf.PS1.y.110221_2534646_2381.052_fake009_2381.052.y.18581117_3427481_1547.023.diff.forcedgrid.diffimstats
4779.995 5657.033 23.854 nan -0.498 -2.181 13.815 13.815 26.705 -173.74 79.66 26.705 /lustre/hpc/storage/dark/YSE/data/workspace/2023ixf_fake_tmpl/y/2023ixf.PS1.y.110221_2534646_2381.052_fake009_2381.052.y.18581117_3427481_1547.023.diff.forcedgrid.diffimstats
4828.992 5247.029 22.625 nan -2.055 -0.5285 42.864 42.864 26.705 -42.52 80.45 26.705 /lustre/hpc/storage/dark/YSE/data/workspace/2023ixf_fake_tmpl/y/2023ixf.PS1.y.110221_2534646_2381.052_fake009_2381.052.y.18581117_3427481_1547.023.diff.forcedgrid.diffimstats
4997.998 6042.036 20.639 20.38 0.269 4.0388 266.866 266.866 26.705 338.98 83.93 26.705 /lustre/hpc/storage/dark/YSE/data/workspace/2023ixf_fake_tmpl/y/2023ixf.PS1.y.110221_2534646_2381.052_fake009_2381.052.y.18581117_3427481_1547.023.diff.forcedgrid.diffimstats
5021.995 5657.032 22.335 21.508 0.789 1.3767 55.988 55.988 26.705 119.88 87.08 26.705 /lustre/hpc/storage/dark/YSE/data/workspace/2023ixf_fake_tmpl/y/2023ixf.PS1.y.110221_2534646_2381.052_fake009_2381.052.y.18581117_3427481_1547.023.diff.forcedgrid.diffimstats
5021.998 6114.037 19.051 19.583 0.125 8.7169 1151.872 1151.872 26.705 706.24 81.02 26.705 /lustre/hpc/storage/dark/YSE/data/workspace/2023ixf_fake_tmpl/y/2023ixf.PS1.y.110221_2534646_2381.052_fake009_2381.052.y.18581117_3427481_1547.023.diff.forcedgrid.diffimstats
5045.995 5729.033 22.187 22.096 1.347 0.8063 64.158 64.158 26.705 69.78 86.54 26.705 /lustre/hpc/storage/dark/YSE/data/workspace/2023ixf_fake_tmpl/y/2023ixf.PS1.y.110221_2534646_2381.052_fake009_2381.052.y.18581117_3427481_1547.023.diff.forcedgrid.diffimstats
5117.996 5849.034 23.763 nan -1.269 -0.8556 15.03 15.03 26.705 -78.27 91.48 26.705 /lustre/hpc/storage/dark/YSE/data/workspace/2023ixf_fake_tmpl/y/2023ixf.PS1.y.110221_2534646_2381.052_fake009_2381.052.y.18581117_3427481_1547.023.diff.forcedgrid.diffimstats
5142.998 6114.036 22.963 nan -3.384 -0.321 31.402 31.402 26.705 -30.67 95.56 26.705 /lustre/hpc/storage/dark/YSE/data/workspace/2023ixf_fake_tmpl/y/2023ixf.PS1.y.110221_2534646_2381.052_fake009_2381.052.y.18581117_3427481_1547.023.diff.forcedgrid.diffimstats
5238.996 5873.034 23.279 23.846 6.852 0.1585 23.456 23.456 26.705 13.92 87.83 26.705 /lustre/hpc/storage/dark/YSE/data/workspace/2023ixf_fake_tmpl/y/2023ixf.PS1.y.110221_2534646_2381.052_fake009_2381.052.y.18581117_3427481_1547.023.diff.forcedgrid.diffimstats
5335.991 5247.028 22.029 23.638 5.534 0.1962 74.195 74.195 26.705 16.86 85.92 26.705 /lustre/hpc/storage/dark/YSE/data/workspace/2023ixf_fake_tmpl/y/2023ixf.PS1.y.110221_2534646_2381.052_fake009_2381.052.y.18581117_3427481_1547.023.diff.forcedgrid.diffimstats
5504.998 6234.037 21.065 20.705 0.392 2.7733 180.223 180.223 26.705 251.23 90.59 26.705 /lustre/hpc/storage/dark/YSE/data/workspace/2023ixf_fake_tmpl/y/2023ixf.PS1.y.110221_2534646_2381.052_fake009_2381.052.y.18581117_3427481_1547.023.diff.forcedgrid.diffimstats
5649.992 5464.029 18.555 18.958 0.076 14.2466 1819.168 1819.168 26.705 1255.41 88.12 26.705 /lustre/hpc/storage/dark/YSE/data/workspace/2023ixf_fake_tmpl/y/2023ixf.PS1.y.110221_2534646_2381.052_fake009_2381.052.y.18581117_3427481_1547.023.diff.forcedgrid.diffimstats
5721.995 5777.032 20.372 21.153 0.557 1.9487 341.436 341.436 26.705 166.34 85.36 26.705 /lustre/hpc/storage/dark/YSE/data/workspace/2023ixf_fake_tmpl/y/2023ixf.PS1.y.110221_2534646_2381.052_fake009_2381.052.y.18581117_3427481_1547.023.diff.forcedgrid.diffimstats
6035.997 6162.035 21.445 21.593 0.899 1.2082 127.018 127.018 26.705 110.86 91.76 26.705 /lustre/hpc/storage/dark/YSE/data/workspace/2023ixf_fake_tmpl/y/2023ixf.PS1.y.110221_2534646_2381.052_fake009_2381.052.y.18581117_3427481_1547.023.diff.forcedgrid.diffimstats
6083.984 4453.019 21.593 20.744 0.412 2.6351 110.837 110.837 26.705 242.4 91.99 26.705 /lustre/hpc/storage/dark/YSE/data/workspace/2023ixf_fake_tmpl/y/2023ixf.PS1.y.110221_2534646_2381.052_fake009_2381.052.y.18581117_3427481_1547.023.diff.forcedgrid.diffimstats
6083.997 6234.036 21.205 21.12 0.557 1.95 158.495 158.495 26.705 171.46 87.93 26.705 /lustre/hpc/storage/dark/YSE/data/workspace/2023ixf_fake_tmpl/y/2023ixf.PS1.y.110221_2534646_2381.052_fake009_2381.052.y.18581117_3427481_1547.023.diff.forcedgrid.diffimstats
4465.995 5536.032 23.144 21.714 0.927 1.1716 26.57 26.57 26.705 99.22 84.69 26.705 /lustre/hpc/storage/dark/YSE/data/workspace/2023ixf_fake_tmpl/y/2023ixf.PS1.y.110221_2534646_2381.052_fake006_2381.052.y.18581117_3427481_1547.023.diff.forcedgrid.diffimstats
4538.993 5296.03 21.246 24.271 9.465 0.1147 152.621 152.621 26.705 9.41 82.01 26.705 /lustre/hpc/storage/dark/YSE/data/workspace/2023ixf_fake_tmpl/y/2023ixf.PS1.y.110221_2534646_2381.052_fake006_2381.052.y.18581117_3427481_1547.023.diff.forcedgrid.diffimstats
4538.994 5344.03 18.788 19.226 0.089 12.1499 1467.603 1467.603 26.705 980.98 80.74 26.705 /lustre/hpc/storage/dark/YSE/data/workspace/2023ixf_fake_tmpl/y/2023ixf.PS1.y.110221_2534646_2381.052_fake006_2381.052.y.18581117_3427481_1547.023.diff.forcedgrid.diffimstats
4586.995 5609.033 22.288 22.241 1.43 0.7594 58.456 58.456 26.705 61.05 80.39 26.705 /lustre/hpc/storage/dark/YSE/data/workspace/2023ixf_fake_tmpl/y/2023ixf.PS1.y.110221_2534646_2381.052_fake006_2381.052.y.18581117_3427481_1547.023.diff.forcedgrid.diffimstats
4779.995 5657.033 18.533 19.071 0.076 14.2007 1856.542 1856.542 26.705 1131.23 79.66 26.705 /lustre/hpc/storage/dark/YSE/data/workspace/2023ixf_fake_tmpl/y/2023ixf.PS1.y.110221_2534646_2381.052_fake006_2381.052.y.18581117_3427481_1547.023.diff.forcedgrid.diffimstats
4828.992 5247.029 18.015 18.419 0.042 25.6461 2992.207 2992.207 26.705 2063.23 80.45 26.705 /lustre/hpc/storage/dark/YSE/data/workspace/2023ixf_fake_tmpl/y/2023ixf.PS1.y.110221_2534646_2381.052_fake006_2381.052.y.18581117_3427481_1547.023.diff.forcedgrid.diffimstats
4997.998 6042.036 18.675 18.919 0.07 15.5101 1628.61 1628.61 26.705 1301.76 83.93 26.705 /lustre/hpc/storage/dark/YSE/data/workspace/2023ixf_fake_tmpl/y/2023ixf.PS1.y.110221_2534646_2381.052_fake006_2381.052.y.18581117_3427481_1547.023.diff.forcedgrid.diffimstats
5021.995 5657.032 19.77 19.944 0.187 5.8147 594.188 594.188 26.705 506.34 87.08 26.705 /lustre/hpc/storage/dark/YSE/data/workspace/2023ixf_fake_tmpl/y/2023ixf.PS1.y.110221_2534646_2381.052_fake006_2381.052.y.18581117_3427481_1547.023.diff.forcedgrid.diffimstats
5021.998 6114.037 23.3 nan -1.148 -0.9457 23.022 23.022 26.705 -76.62 81.02 26.705 /lustre/hpc/storage/dark/YSE/data/workspace/2023ixf_fake_tmpl/y/2023ixf.PS1.y.110221_2534646_2381.052_fake006_2381.052.y.18581117_3427481_1547.023.diff.forcedgrid.diffimstats
5045.995 5729.033 20.246 20.53 0.319 3.4091 383.382 383.382 26.705 295.02 86.54 26.705 /lustre/hpc/storage/dark/YSE/data/workspace/2023ixf_fake_tmpl/y/2023ixf.PS1.y.110221_2534646_2381.052_fake006_2381.052.y.18581117_3427481_1547.023.diff.forcedgrid.diffimstats
5117.996 5849.034 23.248 nan -1.364 -0.7965 24.141 24.141 26.705 -72.86 91.48 26.705 /lustre/hpc/storage/dark/YSE/data/workspace/2023ixf_fake_tmpl/y/2023ixf.PS1.y.110221_2534646_2381.052_fake006_2381.052.y.18581117_3427481_1547.023.diff.forcedgrid.diffimstats
5142.998 6114.036 22.929 nan -3.384 -0.321 32.392 32.392 26.705 -30.67 95.56 26.705 /lustre/hpc/storage/dark/YSE/data/workspace/2023ixf_fake_tmpl/y/2023ixf.PS1.y.110221_2534646_2381.052_fake006_2381.052.y.18581117_3427481_1547.023.diff.forcedgrid.diffimstats
5238.996 5873.034 21.386 21.76 1.004 1.0821 134.164 134.164 26.705 95.04 87.83 26.705 /lustre/hpc/storage/dark/YSE/data/workspace/2023ixf_fake_tmpl/y/2023ixf.PS1.y.110221_2534646_2381.052_fake006_2381.052.y.18581117_3427481_1547.023.diff.forcedgrid.diffimstats
5335.991 5247.028 19.54 19.98 0.191 5.6998 734.401 734.401 26.705 489.73 85.92 26.705 /lustre/hpc/storage/dark/YSE/data/workspace/2023ixf_fake_tmpl/y/2023ixf.PS1.y.110221_2534646_2381.052_fake006_2381.052.y.18581117_3427481_1547.023.diff.forcedgrid.diffimstats
5504.998 6234.037 19.206 19.361 0.114 9.5603 999.223 999.223 26.705 866.07 90.59 26.705 /lustre/hpc/storage/dark/YSE/data/workspace/2023ixf_fake_tmpl/y/2023ixf.PS1.y.110221_2534646_2381.052_fake006_2381.052.y.18581117_3427481_1547.023.diff.forcedgrid.diffimstats
5649.992 5464.029 22.355 23.066 3.353 0.3239 54.935 54.935 26.705 28.54 88.12 26.705 /lustre/hpc/storage/dark/YSE/data/workspace/2023ixf_fake_tmpl/y/2023ixf.PS1.y.110221_2534646_2381.052_fake006_2381.052.y.18581117_3427481_1547.023.diff.forcedgrid.diffimstats
5721.995 5777.032 18.587 19.01 0.077 14.0197 1767.051 1767.051 26.705 1196.72 85.36 26.705 /lustre/hpc/storage/dark/YSE/data/workspace/2023ixf_fake_tmpl/y/2023ixf.PS1.y.110221_2534646_2381.052_fake006_2381.052.y.18581117_3427481_1547.023.diff.forcedgrid.diffimstats
6035.997 6162.035 18.048 18.402 0.048 22.8349 2902.65 2902.65 26.705 2095.33 91.76 26.705 /lustre/hpc/storage/dark/YSE/data/workspace/2023ixf_fake_tmpl/y/2023ixf.PS1.y.110221_2534646_2381.052_fake006_2381.052.y.18581117_3427481_1547.023.diff.forcedgrid.diffimstats
6083.984 4453.019 21.045 20.519 0.335 3.2401 183.626 183.626 26.705 298.06 91.99 26.705 /lustre/hpc/storage/dark/YSE/data/workspace/2023ixf_fake_tmpl/y/2023ixf.PS1.y.110221_2534646_2381.052_fake006_2381.052.y.18581117_3427481_1547.023.diff.forcedgrid.diffimstats
6083.997 6234.036 20.41 20.549 0.329 3.2992 329.73 329.73 26.705 290.1 87.93 26.705 /lustre/hpc/storage/dark/YSE/data/workspace/2023ixf_fake_tmpl/y/2023ixf.PS1.y.110221_2534646_2381.052_fake006_2381.052.y.18581117_3427481_1547.023.diff.forcedgrid.diffimstats
4465.995 5536.032 21.507 21.201 0.578 1.8779 119.962 119.962 26.705 159.04 84.69 26.705 /lustre/hpc/storage/dark/YSE/data/workspace/2023ixf_fake_tmpl/y/2023ixf.PS1.y.110221_2534646_2381.052_fake010_2381.052.y.18581117_3427481_1547.023.diff.forcedgrid.diffimstats
4538.993 5296.03 18.446 18.915 0.068 15.9309 2010.965 2010.965 26.705 1306.49 82.01 26.705 /lustre/hpc/storage/dark/YSE/data/workspace/2023ixf_fake_tmpl/y/2023ixf.PS1.y.110221_2534646_2381.052_fake010_2381.052.y.18581117_3427481_1547.023.diff.forcedgrid.diffimstats
4538.994 5344.03 22.814 nan -6.358 -0.1708 36.011 36.011 26.705 -13.79 80.74 26.705 /lustre/hpc/storage/dark/YSE/data/workspace/2023ixf_fake_tmpl/y/2023ixf.PS1.y.110221_2534646_2381.052_fake010_2381.052.y.18581117_3427481_1547.023.diff.forcedgrid.diffimstats
4586.995 5609.033 18.753 19.113 0.08 13.5447 1516.428 1516.428 26.705 1088.86 80.39 26.705 /lustre/hpc/storage/dark/YSE/data/workspace/2023ixf_fake_tmpl/y/2023ixf.PS1.y.110221_2534646_2381.052_fake010_2381.052.y.18581117_3427481_1547.023.diff.forcedgrid.diffimstats
4779.995 5657.033 20.578 23.754 5.71 0.1902 282.313 282.313 26.705 15.15 79.66 26.705 /lustre/hpc/storage/dark/YSE/data/workspace/2023ixf_fake_tmpl/y/2023ixf.PS1.y.110221_2534646_2381.052_fake010_2381.052.y.18581117_3427481_1547.023.diff.forcedgrid.diffimstats
4828.992 5247.029 18.319 18.74 0.057 19.073 2262.493 2262.493 26.705 1534.42 80.45 26.705 /lustre/hpc/storage/dark/YSE/data/workspace/2023ixf_fake_tmpl/y/2023ixf.PS1.y.110221_2534646_2381.052_fake010_2381.052.y.18581117_3427481_1547.023.diff.forcedgrid.diffimstats
4997.998 6042.036 21.127 20.649 0.345 3.1507 170.351 170.351 26.705 264.44 83.93 26.705 /lustre/hpc/storage/dark/YSE/data/workspace/2023ixf_fake_tmpl/y/2023ixf.PS1.y.110221_2534646_2381.052_fake010_2381.052.y.18581117_3427481_1547.023.diff.forcedgrid.diffimstats
5021.995 5657.032 21.256 20.962 0.477 2.2771 151.192 151.192 26.705 198.29 87.08 26.705 /lustre/hpc/storage/dark/YSE/data/workspace/2023ixf_fake_tmpl/y/2023ixf.PS1.y.110221_2534646_2381.052_fake010_2381.052.y.18581117_3427481_1547.023.diff.forcedgrid.diffimstats
5021.998 6114.037 22.12 nan -2.086 -0.5207 68.245 68.245 26.705 -42.19 81.02 26.705 /lustre/hpc/storage/dark/YSE/data/workspace/2023ixf_fake_tmpl/y/2023ixf.PS1.y.110221_2534646_2381.052_fake010_2381.052.y.18581117_3427481_1547.023.diff.forcedgrid.diffimstats
5045.995 5729.033 20.127 20.416 0.287 3.7861 427.694 427.694 26.705 327.65 86.54 26.705 /lustre/hpc/storage/dark/YSE/data/workspace/2023ixf_fake_tmpl/y/2023ixf.PS1.y.110221_2534646_2381.052_fake010_2381.052.y.18581117_3427481_1547.023.diff.forcedgrid.diffimstats
5117.996 5849.034 18.821 19.327 0.111 9.7669 1424.778 1424.778 26.705 893.48 91.48 26.705 /lustre/hpc/storage/dark/YSE/data/workspace/2023ixf_fake_tmpl/y/2023ixf.PS1.y.110221_2534646_2381.052_fake010_2381.052.y.18581117_3427481_1547.023.diff.forcedgrid.diffimstats
5142.998 6114.036 20.831 21.634 0.973 1.1167 223.703 223.703 26.705 106.71 95.56 26.705 /lustre/hpc/storage/dark/YSE/data/workspace/2023ixf_fake_tmpl/y/2023ixf.PS1.y.110221_2534646_2381.052_fake010_2381.052.y.18581117_3427481_1547.023.diff.forcedgrid.diffimstats
5238.996 5873.034 18.802 19.166 0.092 11.8075 1449.545 1449.545 26.705 1037.05 87.83 26.705 /lustre/hpc/storage/dark/YSE/data/workspace/2023ixf_fake_tmpl/y/2023ixf.PS1.y.110221_2534646_2381.052_fake010_2381.052.y.18581117_3427481_1547.023.diff.forcedgrid.diffimstats
5335.991 5247.028 22.845 nan -9.58 -0.1134 34.981 34.981 26.705 -9.74 85.92 26.705 /lustre/hpc/storage/dark/YSE/data/workspace/2023ixf_fake_tmpl/y/2023ixf.PS1.y.110221_2534646_2381.052_fake010_2381.052.y.18581117_3427481_1547.023.diff.forcedgrid.diffimstats
5504.998 6234.037 23.116 21.335 0.7 1.5516 27.267 27.267 26.705 140.56 90.59 26.705 /lustre/hpc/storage/dark/YSE/data/workspace/2023ixf_fake_tmpl/y/2023ixf.PS1.y.110221_2534646_2381.052_fake010_2381.052.y.18581117_3427481_1547.023.diff.forcedgrid.diffimstats
5649.992 5464.029 19.779 20.195 0.238 4.5609 589.223 589.223 26.705 401.91 88.12 26.705 /lustre/hpc/storage/dark/YSE/data/workspace/2023ixf_fake_tmpl/y/2023ixf.PS1.y.110221_2534646_2381.052_fake010_2381.052.y.18581117_3427481_1547.023.diff.forcedgrid.diffimstats
5721.995 5777.032 22.68 nan -2.032 -0.5343 40.744 40.744 26.705 -45.61 85.36 26.705 /lustre/hpc/storage/dark/YSE/data/workspace/2023ixf_fake_tmpl/y/2023ixf.PS1.y.110221_2534646_2381.052_fake010_2381.052.y.18581117_3427481_1547.023.diff.forcedgrid.diffimstats
6035.997 6162.035 23.598 22.89 2.968 0.3658 17.49 17.49 26.705 33.57 91.76 26.705 /lustre/hpc/storage/dark/YSE/data/workspace/2023ixf_fake_tmpl/y/2023ixf.PS1.y.110221_2534646_2381.052_fake010_2381.052.y.18581117_3427481_1547.023.diff.forcedgrid.diffimstats
6083.984 4453.019 19.743 19.744 0.164 6.619 609.212 609.212 26.705 608.88 91.99 26.705 /lustre/hpc/storage/dark/YSE/data/workspace/2023ixf_fake_tmpl/y/2023ixf.PS1.y.110221_2534646_2381.052_fake010_2381.052.y.18581117_3427481_1547.023.diff.forcedgrid.diffimstats
6083.997 6234.036 18.419 18.778 0.064 16.8477 2062.025 2062.025 26.705 1481.42 87.93 26.705 /lustre/hpc/storage/dark/YSE/data/workspace/2023ixf_fake_tmpl/y/2023ixf.PS1.y.110221_2534646_2381.052_fake010_2381.052.y.18581117_3427481_1547.023.diff.forcedgrid.diffimstats
4465.995 5536.032 21.97 21.374 0.678 1.6022 78.322 78.322 26.705 135.69 84.69 26.705 /lustre/hpc/storage/dark/YSE/data/workspace/2023ixf_fake_tmpl/y/2023ixf.PS1.y.110221_2534646_2381.052_fake001_2381.052.y.18581117_3427481_1547.023.diff.forcedgrid.diffimstats
4538.993 5296.03 20.575 21.698 0.885 1.2274 283.018 283.018 26.705 100.66 82.01 26.705 /lustre/hpc/storage/dark/YSE/data/workspace/2023ixf_fake_tmpl/y/2023ixf.PS1.y.110221_2534646_2381.052_fake001_2381.052.y.18581117_3427481_1547.023.diff.forcedgrid.diffimstats
4538.994 5344.03 22.727 nan -6.358 -0.1708 39.011 39.011 26.705 -13.79 80.74 26.705 /lustre/hpc/storage/dark/YSE/data/workspace/2023ixf_fake_tmpl/y/2023ixf.PS1.y.110221_2534646_2381.052_fake001_2381.052.y.18581117_3427481_1547.023.diff.forcedgrid.diffimstats
4586.995 5609.033 20.47 20.742 0.36 3.0203 311.92 311.92 26.705 242.8 80.39 26.705 /lustre/hpc/storage/dark/YSE/data/workspace/2023ixf_fake_tmpl/y/2023ixf.PS1.y.110221_2534646_2381.052_fake001_2381.052.y.18581117_3427481_1547.023.diff.forcedgrid.diffimstats
4779.995 5657.033 20.939 nan -2.054 -0.5287 202.567 202.567 26.705 -42.12 79.66 26.705 /lustre/hpc/storage/dark/YSE/data/workspace/2023ixf_fake_tmpl/y/2023ixf.PS1.y.110221_2534646_2381.052_fake001_2381.052.y.18581117_3427481_1547.023.diff.forcedgrid.diffimstats
4828.992 5247.029 22.536 nan -2.192 -0.4953 46.527 46.527 26.705 -39.85 80.45 26.705 /lustre/hpc/storage/dark/YSE/data/workspace/2023ixf_fake_tmpl/y/2023ixf.PS1.y.110221_2534646_2381.052_fake001_2381.052.y.18581117_3427481_1547.023.diff.forcedgrid.diffimstats
4997.998 6042.036 18.828 19.05 0.079 13.7379 1415.696 1415.696 26.705 1153.02 83.93 26.705 /lustre/hpc/storage/dark/YSE/data/workspace/2023ixf_fake_tmpl/y/2023ixf.PS1.y.110221_2534646_2381.052_fake001_2381.052.y.18581117_3427481_1547.023.diff.forcedgrid.diffimstats
5021.995 5657.032 18.255 18.575 0.053 20.5219 2397.862 2397.862 26.705 1787.05 87.08 26.705 /lustre/hpc/storage/dark/YSE/data/workspace/2023ixf_fake_tmpl/y/2023ixf.PS1.y.110221_2534646_2381.052_fake001_2381.052.y.18581117_3427481_1547.023.diff.forcedgrid.diffimstats
5021.998 6114.037 19.305 19.881 0.164 6.6215 912.138 912.138 26.705 536.47 81.02 26.705 /lustre/hpc/storage/dark/YSE/data/workspace/2023ixf_fake_tmpl/y/2023ixf.PS1.y.110221_2534646_2381.052_fake001_2381.052.y.18581117_3427481_1547.023.diff.forcedgrid.diffimstats
5045.995 5729.033 21.036 21.191 0.585 1.8557 185.23 185.23 26.705 160.59 86.54 26.705 /lustre/hpc/storage/dark/YSE/data/workspace/2023ixf_fake_tmpl/y/2023ixf.PS1.y.110221_2534646_2381.052_fake001_2381.052.y.18581117_3427481_1547.023.diff.forcedgrid.diffimstats
5117.996 5849.034 20.759 22.07 1.39 0.781 239.045 239.045 26.705 71.45 91.48 26.705 /lustre/hpc/storage/dark/YSE/data/workspace/2023ixf_fake_tmpl/y/2023ixf.PS1.y.110221_2534646_2381.052_fake001_2381.052.y.18581117_3427481_1547.023.diff.forcedgrid.diffimstats
5142.998 6114.036 19.067 19.508 0.137 7.9163 1135.219 1135.219 26.705 756.48 95.56 26.705 /lustre/hpc/storage/dark/YSE/data/workspace/2023ixf_fake_tmpl/y/2023ixf.PS1.y.110221_2534646_2381.052_fake001_2381.052.y.18581117_3427481_1547.023.diff.forcedgrid.diffimstats
5238.996 5873.034 23.931 24.439 11.834 0.0918 12.876 12.876 26.705 8.06 87.83 26.705 /lustre/hpc/storage/dark/YSE/data/workspace/2023ixf_fake_tmpl/y/2023ixf.PS1.y.110221_2534646_2381.052_fake001_2381.052.y.18581117_3427481_1547.023.diff.forcedgrid.diffimstats
5335.991 5247.028 21.47 22.307 1.625 0.6684 124.206 124.206 26.705 57.43 85.92 26.705 /lustre/hpc/storage/dark/YSE/data/workspace/2023ixf_fake_tmpl/y/2023ixf.PS1.y.110221_2534646_2381.052_fake001_2381.052.y.18581117_3427481_1547.023.diff.forcedgrid.diffimstats
5504.998 6234.037 21.902 21.047 0.537 2.0241 83.374 83.374 26.705 183.36 90.59 26.705 /lustre/hpc/storage/dark/YSE/data/workspace/2023ixf_fake_tmpl/y/2023ixf.PS1.y.110221_2534646_2381.052_fake001_2381.052.y.18581117_3427481_1547.023.diff.forcedgrid.diffimstats
5649.992 5464.029 22.939 23.326 4.261 0.2549 32.093 32.093 26.705 22.46 88.12 26.705 /lustre/hpc/storage/dark/YSE/data/workspace/2023ixf_fake_tmpl/y/2023ixf.PS1.y.110221_2534646_2381.052_fake001_2381.052.y.18581117_3427481_1547.023.diff.forcedgrid.diffimstats
5721.995 5777.032 23.653 nan -1.475 -0.7361 16.621 16.621 26.705 -62.83 85.36 26.705 /lustre/hpc/storage/dark/YSE/data/workspace/2023ixf_fake_tmpl/y/2023ixf.PS1.y.110221_2534646_2381.052_fake001_2381.052.y.18581117_3427481_1547.023.diff.forcedgrid.diffimstats
6035.997 6162.035 23.322 22.72 2.537 0.4281 22.554 22.554 26.705 39.28 91.76 26.705 /lustre/hpc/storage/dark/YSE/data/workspace/2023ixf_fake_tmpl/y/2023ixf.PS1.y.110221_2534646_2381.052_fake001_2381.052.y.18581117_3427481_1547.023.diff.forcedgrid.diffimstats
6083.984 4453.019 22.163 20.877 0.466 2.3308 65.561 65.561 26.705 214.41 91.99 26.705 /lustre/hpc/storage/dark/YSE/data/workspace/2023ixf_fake_tmpl/y/2023ixf.PS1.y.110221_2534646_2381.052_fake001_2381.052.y.18581117_3427481_1547.023.diff.forcedgrid.diffimstats
6083.997 6234.036 19.287 19.59 0.136 7.9806 927.619 927.619 26.705 701.73 87.93 26.705 /lustre/hpc/storage/dark/YSE/data/workspace/2023ixf_fake_tmpl/y/2023ixf.PS1.y.110221_2534646_2381.052_fake001_2381.052.y.18581117_3427481_1547.023.diff.forcedgrid.diffimstats
4465.995 5536.032 21.802 21.272 0.617 1.7595 91.455 91.455 26.705 149.01 84.69 26.705 /lustre/hpc/storage/dark/YSE/data/workspace/2023ixf_fake_tmpl/y/2023ixf.PS1.y.110221_2534646_2381.052_fake008_2381.052.y.18581117_3427481_1547.023.diff.forcedgrid.diffimstats
4538.993 5296.03 20.175 21.017 0.473 2.298 409.34 409.34 26.705 188.46 82.01 26.705 /lustre/hpc/storage/dark/YSE/data/workspace/2023ixf_fake_tmpl/y/2023ixf.PS1.y.110221_2534646_2381.052_fake008_2381.052.y.18581117_3427481_1547.023.diff.forcedgrid.diffimstats
4538.994 5344.03 20.155 20.694 0.346 3.1424 416.955 416.955 26.705 253.72 80.74 26.705 /lustre/hpc/storage/dark/YSE/data/workspace/2023ixf_fake_tmpl/y/2023ixf.PS1.y.110221_2534646_2381.052_fake008_2381.052.y.18581117_3427481_1547.023.diff.forcedgrid.diffimstats
4586.995 5609.033 21.387 21.543 0.752 1.4447 134.051 134.051 26.705 116.14 80.39 26.705 /lustre/hpc/storage/dark/YSE/data/workspace/2023ixf_fake_tmpl/y/2023ixf.PS1.y.110221_2534646_2381.052_fake008_2381.052.y.18581117_3427481_1547.023.diff.forcedgrid.diffimstats
4779.995 5657.033 20.866 nan -2.936 -0.3699 216.581 216.581 26.705 -29.47 79.66 26.705 /lustre/hpc/storage/dark/YSE/data/workspace/2023ixf_fake_tmpl/y/2023ixf.PS1.y.110221_2534646_2381.052_fake008_2381.052.y.18581117_3427481_1547.023.diff.forcedgrid.diffimstats
4828.992 5247.029 20.336 21.112 0.506 2.1469 352.748 352.748 26.705 172.72 80.45 26.705 /lustre/hpc/storage/dark/YSE/data/workspace/2023ixf_fake_tmpl/y/2023ixf.PS1.y.110221_2534646_2381.052_fake008_2381.052.y.18581117_3427481_1547.023.diff.forcedgrid.diffimstats
4997.998 6042.036 22.351 21.072 0.509 2.1344 55.136 55.136 26.705 179.14 83.93 26.705 /lustre/hpc/storage/dark/YSE/data/workspace/2023ixf_fake_tmpl/y/2023ixf.PS1.y.110221_2534646_2381.052_fake008_2381.052.y.18581117_3427481_1547.023.diff.forcedgrid.diffimstats
5021.995 5657.032 19.633 19.832 0.169 6.4433 673.975 673.975 26.705 561.08 87.08 26.705 /lustre/hpc/storage/dark/YSE/data/workspace/2023ixf_fake_tmpl/y/2023ixf.PS1.y.110221_2534646_2381.052_fake008_2381.052.y.18581117_3427481_1547.023.diff.forcedgrid.diffimstats
5021.998 6114.037 20.061 20.844 0.398 2.7277 454.469 454.469 26.705 221.0 81.02 26.705 /lustre/hpc/storage/dark/YSE/data/workspace/2023ixf_fake_tmpl/y/2023ixf.PS1.y.110221_2534646_2381.052_fake008_2381.052.y.18581117_3427481_1547.023.diff.forcedgrid.diffimstats
5045.995 5729.033 23.292 22.789 2.551 0.4257 23.195 23.195 26.705 36.84 86.54 26.705 /lustre/hpc/storage/dark/YSE/data/workspace/2023ixf_fake_tmpl/y/2023ixf.PS1.y.110221_2534646_2381.052_fake008_2381.052.y.18581117_3427481_1547.023.diff.forcedgrid.diffimstats
5117.996 5849.034 20.943 22.492 2.052 0.5293 201.819 201.819 26.705 48.42 91.48 26.705 /lustre/hpc/storage/dark/YSE/data/workspace/2023ixf_fake_tmpl/y/2023ixf.PS1.y.110221_2534646_2381.052_fake008_2381.052.y.18581117_3427481_1547.023.diff.forcedgrid.diffimstats
5142.998 6114.036 22.903 nan -3.384 -0.321 33.164 33.164 26.705 -30.67 95.56 26.705 /lustre/hpc/storage/dark/YSE/data/workspace/2023ixf_fake_tmpl/y/2023ixf.PS1.y.110221_2534646_2381.052_fake008_2381.052.y.18581117_3427481_1547.023.diff.forcedgrid.diffimstats
5238.996 5873.034 18.302 18.665 0.058 18.7182 2296.371 2296.371 26.705 1644.02 87.83 26.705 /lustre/hpc/storage/dark/YSE/data/workspace/2023ixf_fake_tmpl/y/2023ixf.PS1.y.110221_2534646_2381.052_fake008_2381.052.y.18581117_3427481_1547.023.diff.forcedgrid.diffimstats
5335.991 5247.028 21.44 22.296 1.609 0.675 127.696 127.696 26.705 58.0 85.92 26.705 /lustre/hpc/storage/dark/YSE/data/workspace/2023ixf_fake_tmpl/y/2023ixf.PS1.y.110221_2534646_2381.052_fake008_2381.052.y.18581117_3427481_1547.023.diff.forcedgrid.diffimstats
5504.998 6234.037 23.124 21.335 0.7 1.5516 27.06 27.06 26.705 140.56 90.59 26.705 /lustre/hpc/storage/dark/YSE/data/workspace/2023ixf_fake_tmpl/y/2023ixf.PS1.y.110221_2534646_2381.052_fake008_2381.052.y.18581117_3427481_1547.023.diff.forcedgrid.diffimstats
5649.992 5464.029 23.078 23.836 6.811 0.1594 28.247 28.247 26.705 14.05 88.12 26.705 /lustre/hpc/storage/dark/YSE/data/workspace/2023ixf_fake_tmpl/y/2023ixf.PS1.y.110221_2534646_2381.052_fake008_2381.052.y.18581117_3427481_1547.023.diff.forcedgrid.diffimstats
5721.995 5777.032 18.888 19.331 0.104 10.4316 1339.454 1339.454 26.705 890.44 85.36 26.705 /lustre/hpc/storage/dark/YSE/data/workspace/2023ixf_fake_tmpl/y/2023ixf.PS1.y.110221_2534646_2381.052_fake008_2381.052.y.18581117_3427481_1547.023.diff.forcedgrid.diffimstats
6035.997 6162.035 19.104 19.439 0.124 8.7814 1097.812 1097.812 26.705 805.78 91.76 26.705 /lustre/hpc/storage/dark/YSE/data/workspace/2023ixf_fake_tmpl/y/2023ixf.PS1.y.110221_2534646_2381.052_fake008_2381.052.y.18581117_3427481_1547.023.diff.forcedgrid.diffimstats
6083.984 4453.019 20.043 19.962 0.201 5.4125 462.367 462.367 26.705 497.9 91.99 26.705 /lustre/hpc/storage/dark/YSE/data/workspace/2023ixf_fake_tmpl/y/2023ixf.PS1.y.110221_2534646_2381.052_fake008_2381.052.y.18581117_3427481_1547.023.diff.forcedgrid.diffimstats
6083.997 6234.036 20.576 20.676 0.37 2.9338 282.963 282.963 26.705 257.97 87.93 26.705 /lustre/hpc/storage/dark/YSE/data/workspace/2023ixf_fake_tmpl/y/2023ixf.PS1.y.110221_2534646_2381.052_fake008_2381.052.y.18581117_3427481_1547.023.diff.forcedgrid.diffimstats
4465.995 5536.032 20.043 20.182 0.226 4.8004 462.037 462.037 26.705 406.55 84.69 26.705 /lustre/hpc/storage/dark/YSE/data/workspace/2023ixf_fake_tmpl/y/2023ixf.PS1.y.110221_2534646_2381.052_fake005_2381.052.y.18581117_3427481_1547.023.diff.forcedgrid.diffimstats
4538.993 5296.03 21.818 nan -2.597 -0.4182 90.156 90.156 26.705 -34.3 82.01 26.705 /lustre/hpc/storage/dark/YSE/data/workspace/2023ixf_fake_tmpl/y/2023ixf.PS1.y.110221_2534646_2381.052_fake005_2381.052.y.18581117_3427481_1547.023.diff.forcedgrid.diffimstats
4538.994 5344.03 18.889 19.327 0.098 11.0726 1337.523 1337.523 26.705 894.0 80.74 26.705 /lustre/hpc/storage/dark/YSE/data/workspace/2023ixf_fake_tmpl/y/2023ixf.PS1.y.110221_2534646_2381.052_fake005_2381.052.y.18581117_3427481_1547.023.diff.forcedgrid.diffimstats
4586.995 5609.033 23.409 22.604 1.999 0.5434 20.817 20.817 26.705 43.68 80.39 26.705 /lustre/hpc/storage/dark/YSE/data/workspace/2023ixf_fake_tmpl/y/2023ixf.PS1.y.110221_2534646_2381.052_fake005_2381.052.y.18581117_3427481_1547.023.diff.forcedgrid.diffimstats
4779.995 5657.033 19.214 19.934 0.169 6.4168 992.109 992.109 26.705 511.16 79.66 26.705 /lustre/hpc/storage/dark/YSE/data/workspace/2023ixf_fake_tmpl/y/2023ixf.PS1.y.110221_2534646_2381.052_fake005_2381.052.y.18581117_3427481_1547.023.diff.forcedgrid.diffimstats
4828.992 5247.029 20.544 21.416 0.669 1.6226 291.399 291.399 26.705 130.54 80.45 26.705 /lustre/hpc/storage/dark/YSE/data/workspace/2023ixf_fake_tmpl/y/2023ixf.PS1.y.110221_2534646_2381.052_fake005_2381.052.y.18581117_3427481_1547.023.diff.forcedgrid.diffimstats
4997.998 6042.036 19.914 19.916 0.175 6.1916 520.499 520.499 26.705 519.66 83.93 26.705 /lustre/hpc/storage/dark/YSE/data/workspace/2023ixf_fake_tmpl/y/2023ixf.PS1.y.110221_2534646_2381.052_fake005_2381.052.y.18581117_3427481_1547.023.diff.forcedgrid.diffimstats
5021.995 5657.032 23.537 21.723 0.962 1.1294 18.504 18.504 26.705 98.35 87.08 26.705 /lustre/hpc/storage/dark/YSE/data/workspace/2023ixf_fake_tmpl/y/2023ixf.PS1.y.110221_2534646_2381.052_fake005_2381.052.y.18581117_3427481_1547.023.diff.forcedgrid.diffimstats
5021.998 6114.037 18.735 19.228 0.09 12.0824 1541.969 1541.969 26.705 978.92 81.02 26.705 /lustre/hpc/storage/dark/YSE/data/workspace/2023ixf_fake_tmpl/y/2023ixf.PS1.y.110221_2534646_2381.052_fake005_2381.052.y.18581117_3427481_1547.023.diff.forcedgrid.diffimstats
5045.995 5729.033 20.284 20.54 0.322 3.3777 370.304 370.304 26.705 292.31 86.54 26.705 /lustre/hpc/storage/dark/YSE/data/workspace/2023ixf_fake_tmpl/y/2023ixf.PS1.y.110221_2534646_2381.052_fake005_2381.052.y.18581117_3427481_1547.023.diff.forcedgrid.diffimstats
5117.996 5849.034 18.556 19.039 0.085 12.7379 1817.659 1817.659 26.705 1165.26 91.48 26.705 /lustre/hpc/storage/dark/YSE/data/workspace/2023ixf_fake_tmpl/y/2023ixf.PS1.y.110221_2534646_2381.052_fake005_2381.052.y.18581117_3427481_1547.023.diff.forcedgrid.diffimstats
5142.998 6114.036 21.162 22.227 1.679 0.6469 164.937 164.937 26.705 61.82 95.56 26.705 /lustre/hpc/storage/dark/YSE/data/workspace/2023ixf_fake_tmpl/y/2023ixf.PS1.y.110221_2534646_2381.052_fake005_2381.052.y.18581117_3427481_1547.023.diff.forcedgrid.diffimstats
5238.996 5873.034 22.876 23.411 4.59 0.2366 34.017 34.017 26.705 20.78 87.83 26.705 /lustre/hpc/storage/dark/YSE/data/workspace/2023ixf_fake_tmpl/y/2023ixf.PS1.y.110221_2534646_2381.052_fake005_2381.052.y.18581117_3427481_1547.023.diff.forcedgrid.diffimstats
5335.991 5247.028 18.484 18.883 0.069 15.6598 1942.682 1942.682 26.705 1345.49 85.92 26.705 /lustre/hpc/storage/dark/YSE/data/workspace/2023ixf_fake_tmpl/y/2023ixf.PS1.y.110221_2534646_2381.052_fake005_2381.052.y.18581117_3427481_1547.023.diff.forcedgrid.diffimstats
5504.998 6234.037 23.8 21.382 0.73 1.4868 14.524 14.524 26.705 134.69 90.59 26.705 /lustre/hpc/storage/dark/YSE/data/workspace/2023ixf_fake_tmpl/y/2023ixf.PS1.y.110221_2534646_2381.052_fake005_2381.052.y.18581117_3427481_1547.023.diff.forcedgrid.diffimstats
5649.992 5464.029 22.717 23.326 4.261 0.2549 39.364 39.364 26.705 22.46 88.12 26.705 /lustre/hpc/storage/dark/YSE/data/workspace/2023ixf_fake_tmpl/y/2023ixf.PS1.y.110221_2534646_2381.052_fake005_2381.052.y.18581117_3427481_1547.023.diff.forcedgrid.diffimstats
5721.995 5777.032 18.349 18.759 0.061 17.6649 2199.294 2199.294 26.705 1507.88 85.36 26.705 /lustre/hpc/storage/dark/YSE/data/workspace/2023ixf_fake_tmpl/y/2023ixf.PS1.y.110221_2534646_2381.052_fake005_2381.052.y.18581117_3427481_1547.023.diff.forcedgrid.diffimstats
6035.997 6162.035 19.346 19.675 0.154 7.0713 878.172 878.172 26.705 648.86 91.76 26.705 /lustre/hpc/storage/dark/YSE/data/workspace/2023ixf_fake_tmpl/y/2023ixf.PS1.y.110221_2534646_2381.052_fake005_2381.052.y.18581117_3427481_1547.023.diff.forcedgrid.diffimstats
6083.984 4453.019 21.933 20.854 0.456 2.3812 81.025 81.025 26.705 219.05 91.99 26.705 /lustre/hpc/storage/dark/YSE/data/workspace/2023ixf_fake_tmpl/y/2023ixf.PS1.y.110221_2534646_2381.052_fake005_2381.052.y.18581117_3427481_1547.023.diff.forcedgrid.diffimstats
6083.997 6234.036 18.6 18.955 0.076 14.3185 1745.254 1745.254 26.705 1259.03 87.93 26.705 /lustre/hpc/storage/dark/YSE/data/workspace/2023ixf_fake_tmpl/y/2023ixf.PS1.y.110221_2534646_2381.052_fake005_2381.052.y.18581117_3427481_1547.023.diff.forcedgrid.diffimstats
4465.995 5536.032 19.186 19.438 0.114 9.5295 1017.81 1017.81 26.705 807.05 84.69 26.705 /lustre/hpc/storage/dark/YSE/data/workspace/2023ixf_fake_tmpl/y/2023ixf.PS1.y.110221_2534646_2381.052_fake002_2381.052.y.18581117_3427481_1547.023.diff.forcedgrid.diffimstats
4538.993 5296.03 23.019 nan -1.155 -0.9405 29.807 29.807 26.705 -77.13 82.01 26.705 /lustre/hpc/storage/dark/YSE/data/workspace/2023ixf_fake_tmpl/y/2023ixf.PS1.y.110221_2534646_2381.052_fake002_2381.052.y.18581117_3427481_1547.023.diff.forcedgrid.diffimstats
4538.994 5344.03 18.451 18.872 0.065 16.8241 2002.038 2002.038 26.705 1358.38 80.74 26.705 /lustre/hpc/storage/dark/YSE/data/workspace/2023ixf_fake_tmpl/y/2023ixf.PS1.y.110221_2534646_2381.052_fake002_2381.052.y.18581117_3427481_1547.023.diff.forcedgrid.diffimstats
4586.995 5609.033 18.033 18.403 0.042 26.026 2944.337 2944.337 26.705 2092.23 80.39 26.705 /lustre/hpc/storage/dark/YSE/data/workspace/2023ixf_fake_tmpl/y/2023ixf.PS1.y.110221_2534646_2381.052_fake002_2381.052.y.18581117_3427481_1547.023.diff.forcedgrid.diffimstats
4779.995 5657.033 22.436 nan -0.57 -1.9052 51.007 51.007 26.705 -151.77 79.66 26.705 /lustre/hpc/storage/dark/YSE/data/workspace/2023ixf_fake_tmpl/y/2023ixf.PS1.y.110221_2534646_2381.052_fake002_2381.052.y.18581117_3427481_1547.023.diff.forcedgrid.diffimstats
4828.992 5247.029 22.631 nan -2.055 -0.5285 42.622 42.622 26.705 -42.52 80.45 26.705 /lustre/hpc/storage/dark/YSE/data/workspace/2023ixf_fake_tmpl/y/2023ixf.PS1.y.110221_2534646_2381.052_fake002_2381.052.y.18581117_3427481_1547.023.diff.forcedgrid.diffimstats
4997.998 6042.036 23.808 21.223 0.584 1.8581 14.411 14.411 26.705 155.95 83.93 26.705 /lustre/hpc/storage/dark/YSE/data/workspace/2023ixf_fake_tmpl/y/2023ixf.PS1.y.110221_2534646_2381.052_fake002_2381.052.y.18581117_3427481_1547.023.diff.forcedgrid.diffimstats
5021.995 5657.032 21.74 21.202 0.595 1.8246 96.816 96.816 26.705 158.89 87.08 26.705 /lustre/hpc/storage/dark/YSE/data/workspace/2023ixf_fake_tmpl/y/2023ixf.PS1.y.110221_2534646_2381.052_fake002_2381.052.y.18581117_3427481_1547.023.diff.forcedgrid.diffimstats
5021.998 6114.037 19.226 19.785 0.15 7.2376 981.119 981.119 26.705 586.39 81.02 26.705 /lustre/hpc/storage/dark/YSE/data/workspace/2023ixf_fake_tmpl/y/2023ixf.PS1.y.110221_2534646_2381.052_fake002_2381.052.y.18581117_3427481_1547.023.diff.forcedgrid.diffimstats
5045.995 5729.033 19.474 19.789 0.161 6.7484 780.597 780.597 26.705 584.01 86.54 26.705 /lustre/hpc/storage/dark/YSE/data/workspace/2023ixf_fake_tmpl/y/2023ixf.PS1.y.110221_2534646_2381.052_fake002_2381.052.y.18581117_3427481_1547.023.diff.forcedgrid.diffimstats
5117.996 5849.034 21.562 nan -6.65 -0.1633 114.031 114.031 26.705 -14.94 91.48 26.705 /lustre/hpc/storage/dark/YSE/data/workspace/2023ixf_fake_tmpl/y/2023ixf.PS1.y.110221_2534646_2381.052_fake002_2381.052.y.18581117_3427481_1547.023.diff.forcedgrid.diffimstats
5142.998 6114.036 18.405 18.806 0.072 15.1097 2088.764 2088.764 26.705 1443.88 95.56 26.705 /lustre/hpc/storage/dark/YSE/data/workspace/2023ixf_fake_tmpl/y/2023ixf.PS1.y.110221_2534646_2381.052_fake002_2381.052.y.18581117_3427481_1547.023.diff.forcedgrid.diffimstats
5238.996 5873.034 23.514 24.439 11.834 0.0918 18.89 18.89 26.705 8.06 87.83 26.705 /lustre/hpc/storage/dark/YSE/data/workspace/2023ixf_fake_tmpl/y/2023ixf.PS1.y.110221_2534646_2381.052_fake002_2381.052.y.18581117_3427481_1547.023.diff.forcedgrid.diffimstats
5335.991 5247.028 22.477 nan -127.821 -0.0085 49.115 49.115 26.705 -0.73 85.92 26.705 /lustre/hpc/storage/dark/YSE/data/workspace/2023ixf_fake_tmpl/y/2023ixf.PS1.y.110221_2534646_2381.052_fake002_2381.052.y.18581117_3427481_1547.023.diff.forcedgrid.diffimstats
5504.998 6234.037 22.052 21.163 0.597 1.8181 72.66 72.66 26.705 164.7 90.59 26.705 /lustre/hpc/storage/dark/YSE/data/workspace/2023ixf_fake_tmpl/y/2023ixf.PS1.y.110221_2534646_2381.052_fake002_2381.052.y.18581117_3427481_1547.023.diff.forcedgrid.diffimstats
5649.992 5464.029 20.366 20.783 0.409 2.6537 343.119 343.119 26.705 233.84 88.12 26.705 /lustre/hpc/storage/dark/YSE/data/workspace/2023ixf_fake_tmpl/y/2023ixf.PS1.y.110221_2534646_2381.052_fake002_2381.052.y.18581117_3427481_1547.023.diff.forcedgrid.diffimstats
5721.995 5777.032 22.353 nan -2.378 -0.4568 55.065 55.065 26.705 -38.99 85.36 26.705 /lustre/hpc/storage/dark/YSE/data/workspace/2023ixf_fake_tmpl/y/2023ixf.PS1.y.110221_2534646_2381.052_fake002_2381.052.y.18581117_3427481_1547.023.diff.forcedgrid.diffimstats
6035.997 6162.035 23.305 22.72 2.537 0.4281 22.902 22.902 26.705 39.28 91.76 26.705 /lustre/hpc/storage/dark/YSE/data/workspace/2023ixf_fake_tmpl/y/2023ixf.PS1.y.110221_2534646_2381.052_fake002_2381.052.y.18581117_3427481_1547.023.diff.forcedgrid.diffimstats
6083.984 4453.019 21.779 20.776 0.425 2.5577 93.418 93.418 26.705 235.28 91.99 26.705 /lustre/hpc/storage/dark/YSE/data/workspace/2023ixf_fake_tmpl/y/2023ixf.PS1.y.110221_2534646_2381.052_fake002_2381.052.y.18581117_3427481_1547.023.diff.forcedgrid.diffimstats
6083.997 6234.036 19.666 19.925 0.185 5.8622 654.31 654.31 26.705 515.46 87.93 26.705 /lustre/hpc/storage/dark/YSE/data/workspace/2023ixf_fake_tmpl/y/2023ixf.PS1.y.110221_2534646_2381.052_fake002_2381.052.y.18581117_3427481_1547.023.diff.forcedgrid.diffimstats
4465.995 5536.032 19.389 19.625 0.135 8.0184 844.319 844.319 26.705 679.08 84.69 26.705 /lustre/hpc/storage/dark/YSE/data/workspace/2023ixf_fake_tmpl/y/2023ixf.PS1.y.110221_2534646_2381.052_fake003_2381.052.y.18581117_3427481_1547.023.diff.forcedgrid.diffimstats
4538.993 5296.03 22.958 nan -1.278 -0.8497 31.522 31.522 26.705 -69.68 82.01 26.705 /lustre/hpc/storage/dark/YSE/data/workspace/2023ixf_fake_tmpl/y/2023ixf.PS1.y.110221_2534646_2381.052_fake003_2381.052.y.18581117_3427481_1547.023.diff.forcedgrid.diffimstats
4538.994 5344.03 21.529 22.822 2.453 0.4428 117.605 117.605 26.705 35.75 80.74 26.705 /lustre/hpc/storage/dark/YSE/data/workspace/2023ixf_fake_tmpl/y/2023ixf.PS1.y.110221_2534646_2381.052_fake003_2381.052.y.18581117_3427481_1547.023.diff.forcedgrid.diffimstats
4586.995 5609.033 21.171 21.36 0.635 1.7089 163.523 163.523 26.705 137.38 80.39 26.705 /lustre/hpc/storage/dark/YSE/data/workspace/2023ixf_fake_tmpl/y/2023ixf.PS1.y.110221_2534646_2381.052_fake003_2381.052.y.18581117_3427481_1547.023.diff.forcedgrid.diffimstats
4779.995 5657.033 22.379 nan -0.57 -1.9052 53.729 53.729 26.705 -151.77 79.66 26.705 /lustre/hpc/storage/dark/YSE/data/workspace/2023ixf_fake_tmpl/y/2023ixf.PS1.y.110221_2534646_2381.052_fake003_2381.052.y.18581117_3427481_1547.023.diff.forcedgrid.diffimstats
4828.992 5247.029 19.474 19.999 0.182 5.9817 780.834 780.834 26.705 481.23 80.45 26.705 /lustre/hpc/storage/dark/YSE/data/workspace/2023ixf_fake_tmpl/y/2023ixf.PS1.y.110221_2534646_2381.052_fake003_2381.052.y.18581117_3427481_1547.023.diff.forcedgrid.diffimstats
4997.998 6042.036 20.264 20.149 0.217 4.9938 377.0 377.0 26.705 419.13 83.93 26.705 /lustre/hpc/storage/dark/YSE/data/workspace/2023ixf_fake_tmpl/y/2023ixf.PS1.y.110221_2534646_2381.052_fake003_2381.052.y.18581117_3427481_1547.023.diff.forcedgrid.diffimstats
5021.995 5657.032 20.888 20.764 0.398 2.7313 212.269 212.269 26.705 237.84 87.08 26.705 /lustre/hpc/storage/dark/YSE/data/workspace/2023ixf_fake_tmpl/y/2023ixf.PS1.y.110221_2534646_2381.052_fake003_2381.052.y.18581117_3427481_1547.023.diff.forcedgrid.diffimstats
5021.998 6114.037 19.929 20.672 0.34 3.1959 513.239 513.239 26.705 258.93 81.02 26.705 /lustre/hpc/storage/dark/YSE/data/workspace/2023ixf_fake_tmpl/y/2023ixf.PS1.y.110221_2534646_2381.052_fake003_2381.052.y.18581117_3427481_1547.023.diff.forcedgrid.diffimstats
5045.995 5729.033 19.135 19.46 0.119 9.1366 1067.087 1067.087 26.705 790.68 86.54 26.705 /lustre/hpc/storage/dark/YSE/data/workspace/2023ixf_fake_tmpl/y/2023ixf.PS1.y.110221_2534646_2381.052_fake003_2381.052.y.18581117_3427481_1547.023.diff.forcedgrid.diffimstats
5117.996 5849.034 18.938 19.458 0.125 8.6597 1279.362 1279.362 26.705 792.19 91.48 26.705 /lustre/hpc/storage/dark/YSE/data/workspace/2023ixf_fake_tmpl/y/2023ixf.PS1.y.110221_2534646_2381.052_fake003_2381.052.y.18581117_3427481_1547.023.diff.forcedgrid.diffimstats
5142.998 6114.036 21.566 23.388 4.891 0.2221 113.686 113.686 26.705 21.22 95.56 26.705 /lustre/hpc/storage/dark/YSE/data/workspace/2023ixf_fake_tmpl/y/2023ixf.PS1.y.110221_2534646_2381.052_fake003_2381.052.y.18581117_3427481_1547.023.diff.forcedgrid.diffimstats
5238.996 5873.034 22.807 23.411 4.59 0.2366 36.252 36.252 26.705 20.78 87.83 26.705 /lustre/hpc/storage/dark/YSE/data/workspace/2023ixf_fake_tmpl/y/2023ixf.PS1.y.110221_2534646_2381.052_fake003_2381.052.y.18581117_3427481_1547.023.diff.forcedgrid.diffimstats
5335.991 5247.028 22.721 nan -9.58 -0.1134 39.23 39.23 26.705 -9.74 85.92 26.705 /lustre/hpc/storage/dark/YSE/data/workspace/2023ixf_fake_tmpl/y/2023ixf.PS1.y.110221_2534646_2381.052_fake003_2381.052.y.18581117_3427481_1547.023.diff.forcedgrid.diffimstats
5504.998 6234.037 23.211 21.335 0.7 1.5516 24.971 24.971 26.705 140.56 90.59 26.705 /lustre/hpc/storage/dark/YSE/data/workspace/2023ixf_fake_tmpl/y/2023ixf.PS1.y.110221_2534646_2381.052_fake003_2381.052.y.18581117_3427481_1547.023.diff.forcedgrid.diffimstats
5649.992 5464.029 21.904 22.412 1.835 0.5917 83.263 83.263 26.705 52.14 88.12 26.705 /lustre/hpc/storage/dark/YSE/data/workspace/2023ixf_fake_tmpl/y/2023ixf.PS1.y.110221_2534646_2381.052_fake003_2381.052.y.18581117_3427481_1547.023.diff.forcedgrid.diffimstats
5721.995 5777.032 20.49 21.292 0.634 1.714 306.105 306.105 26.705 146.31 85.36 26.705 /lustre/hpc/storage/dark/YSE/data/workspace/2023ixf_fake_tmpl/y/2023ixf.PS1.y.110221_2534646_2381.052_fake003_2381.052.y.18581117_3427481_1547.023.diff.forcedgrid.diffimstats
6035.997 6162.035 22.945 22.511 2.094 0.5187 31.92 31.92 26.705 47.6 91.76 26.705 /lustre/hpc/storage/dark/YSE/data/workspace/2023ixf_fake_tmpl/y/2023ixf.PS1.y.110221_2534646_2381.052_fake003_2381.052.y.18581117_3427481_1547.023.diff.forcedgrid.diffimstats
6083.984 4453.019 20.999 20.498 0.329 3.3045 191.554 191.554 26.705 303.98 91.99 26.705 /lustre/hpc/storage/dark/YSE/data/workspace/2023ixf_fake_tmpl/y/2023ixf.PS1.y.110221_2534646_2381.052_fake003_2381.052.y.18581117_3427481_1547.023.diff.forcedgrid.diffimstats
6083.997 6234.036 21.393 21.234 0.619 1.7549 133.293 133.293 26.705 154.31 87.93 26.705 /lustre/hpc/storage/dark/YSE/data/workspace/2023ixf_fake_tmpl/y/2023ixf.PS1.y.110221_2534646_2381.052_fake003_2381.052.y.18581117_3427481_1547.023.diff.forcedgrid.diffimstats
4465.995 5536.032 23.018 21.696 0.912 1.1902 29.838 29.838 26.705 100.8 84.69 26.705 /lustre/hpc/storage/dark/YSE/data/workspace/2023ixf_fake_tmpl/y/2023ixf.PS1.y.110221_2534646_2381.052_fake004_2381.052.y.18581117_3427481_1547.023.diff.forcedgrid.diffimstats
4538.993 5296.03 18.448 18.919 0.068 15.8703 2007.389 2007.389 26.705 1301.52 82.01 26.705 /lustre/hpc/storage/dark/YSE/data/workspace/2023ixf_fake_tmpl/y/2023ixf.PS1.y.110221_2534646_2381.052_fake004_2381.052.y.18581117_3427481_1547.023.diff.forcedgrid.diffimstats
4538.994 5344.03 20.188 20.732 0.358 3.0346 404.574 404.574 26.705 245.01 80.74 26.705 /lustre/hpc/storage/dark/YSE/data/workspace/2023ixf_fake_tmpl/y/2023ixf.PS1.y.110221_2534646_2381.052_fake004_2381.052.y.18581117_3427481_1547.023.diff.forcedgrid.diffimstats
4586.995 5609.033 22.061 21.973 1.118 0.9716 72.07 72.07 26.705 78.11 80.39 26.705 /lustre/hpc/storage/dark/YSE/data/workspace/2023ixf_fake_tmpl/y/2023ixf.PS1.y.110221_2534646_2381.052_fake004_2381.052.y.18581117_3427481_1547.023.diff.forcedgrid.diffimstats
4779.995 5657.033 21.942 nan -0.651 -1.6685 80.382 80.382 26.705 -132.91 79.66 26.705 /lustre/hpc/storage/dark/YSE/data/workspace/2023ixf_fake_tmpl/y/2023ixf.PS1.y.110221_2534646_2381.052_fake004_2381.052.y.18581117_3427481_1547.023.diff.forcedgrid.diffimstats
4828.992 5247.029 23.096 nan -1.516 -0.7165 27.762 27.762 26.705 -57.64 80.45 26.705 /lustre/hpc/storage/dark/YSE/data/workspace/2023ixf_fake_tmpl/y/2023ixf.PS1.y.110221_2534646_2381.052_fake004_2381.052.y.18581117_3427481_1547.023.diff.forcedgrid.diffimstats
4997.998 6042.036 18.137 18.427 0.045 24.3932 2673.576 2673.576 26.705 2047.32 83.93 26.705 /lustre/hpc/storage/dark/YSE/data/workspace/2023ixf_fake_tmpl/y/2023ixf.PS1.y.110221_2534646_2381.052_fake004_2381.052.y.18581117_3427481_1547.023.diff.forcedgrid.diffimstats
5021.995 5657.032 22.707 21.589 0.85 1.2774 39.721 39.721 26.705 111.24 87.08 26.705 /lustre/hpc/storage/dark/YSE/data/workspace/2023ixf_fake_tmpl/y/2023ixf.PS1.y.110221_2534646_2381.052_fake004_2381.052.y.18581117_3427481_1547.023.diff.forcedgrid.diffimstats
5021.998 6114.037 21.616 nan -5.304 -0.2048 108.522 108.522 26.705 -16.59 81.02 26.705 /lustre/hpc/storage/dark/YSE/data/workspace/2023ixf_fake_tmpl/y/2023ixf.PS1.y.110221_2534646_2381.052_fake004_2381.052.y.18581117_3427481_1547.023.diff.forcedgrid.diffimstats
5045.995 5729.033 21.279 21.446 0.741 1.4663 148.047 148.047 26.705 126.89 86.54 26.705 /lustre/hpc/storage/dark/YSE/data/workspace/2023ixf_fake_tmpl/y/2023ixf.PS1.y.110221_2534646_2381.052_fake004_2381.052.y.18581117_3427481_1547.023.diff.forcedgrid.diffimstats
5117.996 5849.034 21.701 nan -4.88 -0.2226 100.349 100.349 26.705 -20.36 91.48 26.705 /lustre/hpc/storage/dark/YSE/data/workspace/2023ixf_fake_tmpl/y/2023ixf.PS1.y.110221_2534646_2381.052_fake004_2381.052.y.18581117_3427481_1547.023.diff.forcedgrid.diffimstats
5142.998 6114.036 22.889 nan -3.384 -0.321 33.599 33.599 26.705 -30.67 95.56 26.705 /lustre/hpc/storage/dark/YSE/data/workspace/2023ixf_fake_tmpl/y/2023ixf.PS1.y.110221_2534646_2381.052_fake004_2381.052.y.18581117_3427481_1547.023.diff.forcedgrid.diffimstats
5238.996 5873.034 20.142 20.54 0.326 3.3302 421.994 421.994 26.705 292.49 87.83 26.705 /lustre/hpc/storage/dark/YSE/data/workspace/2023ixf_fake_tmpl/y/2023ixf.PS1.y.110221_2534646_2381.052_fake004_2381.052.y.18581117_3427481_1547.023.diff.forcedgrid.diffimstats
5335.991 5247.028 23.042 nan -5.099 -0.213 29.2 29.2 26.705 -18.3 85.92 26.705 /lustre/hpc/storage/dark/YSE/data/workspace/2023ixf_fake_tmpl/y/2023ixf.PS1.y.110221_2534646_2381.052_fake004_2381.052.y.18581117_3427481_1547.023.diff.forcedgrid.diffimstats
5504.998 6234.037 21.41 20.837 0.442 2.4551 131.24 131.24 26.705 222.41 90.59 26.705 /lustre/hpc/storage/dark/YSE/data/workspace/2023ixf_fake_tmpl/y/2023ixf.PS1.y.110221_2534646_2381.052_fake004_2381.052.y.18581117_3427481_1547.023.diff.forcedgrid.diffimstats
5649.992 5464.029 23.936 24.224 9.735 0.1116 12.811 12.811 26.705 9.83 88.12 26.705 /lustre/hpc/storage/dark/YSE/data/workspace/2023ixf_fake_tmpl/y/2023ixf.PS1.y.110221_2534646_2381.052_fake004_2381.052.y.18581117_3427481_1547.023.diff.forcedgrid.diffimstats
5721.995 5777.032 19.926 20.54 0.317 3.4265 514.563 514.563 26.705 292.49 85.36 26.705 /lustre/hpc/storage/dark/YSE/data/workspace/2023ixf_fake_tmpl/y/2023ixf.PS1.y.110221_2534646_2381.052_fake004_2381.052.y.18581117_3427481_1547.023.diff.forcedgrid.diffimstats
6035.997 6162.035 20.674 20.945 0.495 2.1938 258.561 258.561 26.705 201.3 91.76 26.705 /lustre/hpc/storage/dark/YSE/data/workspace/2023ixf_fake_tmpl/y/2023ixf.PS1.y.110221_2534646_2381.052_fake004_2381.052.y.18581117_3427481_1547.023.diff.forcedgrid.diffimstats
6083.984 4453.019 22.501 20.969 0.507 2.1402 48.021 48.021 26.705 196.88 91.99 26.705 /lustre/hpc/storage/dark/YSE/data/workspace/2023ixf_fake_tmpl/y/2023ixf.PS1.y.110221_2534646_2381.052_fake004_2381.052.y.18581117_3427481_1547.023.diff.forcedgrid.diffimstats
6083.997 6234.036 22.456 21.779 1.022 1.0628 50.056 50.056 26.705 93.45 87.93 26.705 /lustre/hpc/storage/dark/YSE/data/workspace/2023ixf_fake_tmpl/y/2023ixf.PS1.y.110221_2534646_2381.052_fake004_2381.052.y.18581117_3427481_1547.023.diff.forcedgrid.diffimstats
